\begin{figure}[H]
\centering
  \begin{tikzpicture}    \begin{axis}[
      width=\linewidth,
      grid=major,
      %xmin=0,
      %xmax=100,
      xlabel=année,
      ylabel=nombre de lapins,
      legend pos=north west,
    ]
      \addplot[color=blue, mark=+] coordinates{
(0, 5) (1, 20) (2, 35) (3, 83) (4, 210) (5, 577) (6, 1404) (7, 3458) (8, 8191) (9, 20179) (10, 49100) 
      };
      \addplot[color=blue, mark=+] coordinates{
(0, 5) (1, 17) (2, 39) (3, 84) (4, 228) (5, 507) (6, 1262) (7, 3109) (8, 7653) (9, 18677) (10, 45263) 
      };
      \addplot[color=blue, mark=+] coordinates{
(0, 5) (1, 18) (2, 32) (3, 80) (4, 216) (5, 529) (6, 1287) (7, 3217) (8, 7878) (9, 19224) (10, 47162) 
      };
      \addplot[color=blue, mark=+] coordinates{
(0, 5) (1, 15) (2, 32) (3, 83) (4, 169) (5, 398) (6, 965) (7, 2374) (8, 5803) (9, 14172) (10, 34853) 
      };
      \addplot[color=blue, mark=+] coordinates{
(0, 5) (1, 21) (2, 31) (3, 99) (4, 215) (5, 569) (6, 1369) (7, 3304) (8, 8110) (9, 19657) (10, 47782) 
      };
      \addplot[color=blue, mark=+] coordinates{
(0, 5) (1, 22) (2, 42) (3, 104) (4, 258) (5, 606) (6, 1512) (7, 3684) (8, 9021) (9, 21722) (10, 53637) 
      };
      \addplot[color=blue, mark=+] coordinates{
(0, 5) (1, 22) (2, 42) (3, 104) (4, 277) (5, 674) (6, 1645) (7, 3885) (8, 9719) (9, 23876) (10, 57998) 
      };
      \addplot[color=blue, mark=+] coordinates{
(0, 5) (1, 18) (2, 17) (3, 68) (4, 160) (5, 410) (6, 989) (7, 2351) (8, 5700) (9, 13750) (10, 33388) 
      };
      \addplot[color=blue, mark=+] coordinates{
(0, 5) (1, 22) (2, 44) (3, 106) (4, 248) (5, 613) (6, 1420) (7, 3456) (8, 8454) (9, 20493) (10, 50054) 
      };
      \addplot[color=blue, mark=+] coordinates{
(0, 5) (1, 18) (2, 30) (3, 74) (4, 196) (5, 450) (6, 1130) (7, 2838) (8, 6729) (9, 16478) (10, 40217) 
      };
      \addplot[color=blue, mark=+] coordinates{
(0, 5) (1, 18) (2, 35) (3, 69) (4, 177) (5, 420) (6, 1017) (7, 2488) (8, 6064) (9, 14905) (10, 36547) 
      };
      \addplot[color=blue, mark=+] coordinates{
(0, 5) (1, 25) (2, 49) (3, 119) (4, 270) (5, 650) (6, 1614) (7, 3818) (8, 9552) (9, 23112) (10, 56318) 
      };
      \addplot[color=blue, mark=+] coordinates{
(0, 5) (1, 17) (2, 25) (3, 66) (4, 173) (5, 418) (6, 1004) (7, 2455) (8, 5853) (9, 14473) (10, 35424) 
      };
      \addplot[color=blue, mark=+] coordinates{
(0, 5) (1, 22) (2, 49) (3, 104) (4, 237) (5, 577) (6, 1433) (7, 3490) (8, 8658) (9, 20962) (10, 51767) 
      };
      \addplot[color=blue, mark=+] coordinates{
(0, 5) (1, 17) (2, 34) (3, 99) (4, 222) (5, 549) (6, 1305) (7, 3138) (8, 7721) (9, 18577) (10, 45296) 
      };
      \addplot[color=blue, mark=+] coordinates{
(0, 5) (1, 20) (2, 48) (3, 115) (4, 293) (5, 724) (6, 1765) (7, 4293) (8, 10425) (9, 25290) (10, 61233) 
      };
      \addplot[color=blue, mark=+] coordinates{
(0, 5) (1, 18) (2, 28) (3, 62) (4, 136) (5, 354) (6, 826) (7, 2057) (8, 4976) (9, 11953) (10, 29208) 
      };
      \addplot[color=blue, mark=+] coordinates{
(0, 5) (1, 23) (2, 46) (3, 102) (4, 266) (5, 615) (6, 1524) (7, 3694) (8, 8933) (9, 21825) (10, 52951) 
      };
      \addplot[color=blue, mark=+] coordinates{
(0, 5) (1, 15) (2, 26) (3, 64) (4, 167) (5, 424) (6, 1063) (7, 2640) (8, 6364) (9, 15592) (10, 38060) 
      };
      \addplot[color=blue, mark=+] coordinates{
(0, 5) (1, 19) (2, 54) (3, 127) (4, 328) (5, 805) (6, 1897) (7, 4682) (8, 11428) (9, 27972) (10, 68514) 
      };
      \addplot[color=blue, mark=+] coordinates{
(0, 5) (1, 15) (2, 38) (3, 95) (4, 235) (5, 582) (6, 1407) (7, 3427) (8, 8473) (9, 20833) (10, 51247) 
      };
      \addplot[color=blue, mark=+] coordinates{
(0, 5) (1, 24) (2, 57) (3, 141) (4, 337) (5, 879) (6, 2151) (7, 5225) (8, 12727) (9, 30829) (10, 74902) 
      };
      \addplot[color=blue, mark=+] coordinates{
(0, 5) (1, 22) (2, 40) (3, 84) (4, 201) (5, 494) (6, 1177) (7, 2883) (8, 7086) (9, 17178) (10, 41495) 
      };
      \addplot[color=blue, mark=+] coordinates{
(0, 5) (1, 21) (2, 56) (3, 138) (4, 358) (5, 883) (6, 2117) (7, 5122) (8, 12501) (9, 30511) (10, 74514) 
      };
      \addplot[color=blue, mark=+] coordinates{
(0, 5) (1, 18) (2, 28) (3, 81) (4, 187) (5, 457) (6, 1120) (7, 2720) (8, 6529) (9, 15729) (10, 38533) 
      };
      \addplot[color=blue, mark=+] coordinates{
(0, 5) (1, 21) (2, 37) (3, 115) (4, 257) (5, 697) (6, 1632) (7, 4088) (8, 10084) (9, 24601) (10, 59581) 
      };
      \addplot[color=blue, mark=+] coordinates{
(0, 5) (1, 18) (2, 35) (3, 106) (4, 257) (5, 651) (6, 1477) (7, 3661) (8, 8899) (9, 21953) (10, 53541) 
      };
      \addplot[color=blue, mark=+] coordinates{
(0, 5) (1, 17) (2, 22) (3, 60) (4, 142) (5, 364) (6, 883) (7, 2120) (8, 5224) (9, 12687) (10, 30915) 
      };
      \addplot[color=blue, mark=+] coordinates{
(0, 5) (1, 24) (2, 52) (3, 125) (4, 283) (5, 722) (6, 1748) (7, 4218) (8, 10478) (9, 25562) (10, 62323) 
      };
      \addplot[color=blue, mark=+] coordinates{
(0, 5) (1, 24) (2, 46) (3, 123) (4, 330) (5, 804) (6, 1861) (7, 4513) (8, 11015) (9, 26860) (10, 64983) 
      };
      \addplot[color=blue, mark=+] coordinates{
(0, 5) (1, 18) (2, 35) (3, 73) (4, 168) (5, 403) (6, 973) (7, 2389) (8, 5781) (9, 14068) (10, 34344) 
      };
      \addplot[color=blue, mark=+] coordinates{
(0, 5) (1, 20) (2, 41) (3, 105) (4, 238) (5, 579) (6, 1428) (7, 3517) (8, 8558) (9, 21092) (10, 51076) 
      };
      \addplot[color=blue, mark=+] coordinates{
(0, 5) (1, 22) (2, 45) (3, 108) (4, 258) (5, 615) (6, 1489) (7, 3572) (8, 8762) (9, 21279) (10, 51745) 
      };
      \addplot[color=blue, mark=+] coordinates{
(0, 5) (1, 15) (2, 34) (3, 78) (4, 185) (5, 438) (6, 1025) (7, 2485) (8, 6119) (9, 14964) (10, 36339) 
      };
      \addplot[color=blue, mark=+] coordinates{
(0, 5) (1, 16) (2, 18) (3, 65) (4, 150) (5, 357) (6, 834) (7, 1993) (8, 4900) (9, 11805) (10, 28766) 
      };
      \addplot[color=blue, mark=+] coordinates{
(0, 5) (1, 25) (2, 52) (3, 142) (4, 317) (5, 787) (6, 1948) (7, 4688) (8, 11425) (9, 28163) (10, 68520) 
      };
      \addplot[color=blue, mark=+] coordinates{
(0, 5) (1, 20) (2, 43) (3, 96) (4, 233) (5, 532) (6, 1266) (7, 3105) (8, 7585) (9, 18488) (10, 45408) 
      };
      \addplot[color=blue, mark=+] coordinates{
(0, 5) (1, 22) (2, 41) (3, 104) (4, 240) (5, 555) (6, 1384) (7, 3257) (8, 8014) (9, 19506) (10, 47473) 
      };
      \addplot[color=blue, mark=+] coordinates{
(0, 5) (1, 18) (2, 28) (3, 81) (4, 157) (5, 412) (6, 943) (7, 2248) (8, 5479) (9, 13455) (10, 32858) 
      };
      \addplot[color=blue, mark=+] coordinates{
(0, 5) (1, 21) (2, 33) (3, 97) (4, 236) (5, 609) (6, 1399) (7, 3425) (8, 8355) (9, 20307) (10, 49425) 
      };
      \addplot[color=blue, mark=+] coordinates{
(0, 5) (1, 21) (2, 31) (3, 73) (4, 170) (5, 443) (6, 1044) (7, 2530) (8, 6023) (9, 14824) (10, 35816) 
      };
      \addplot[color=blue, mark=+] coordinates{
(0, 5) (1, 19) (2, 40) (3, 108) (4, 232) (5, 600) (6, 1511) (7, 3596) (8, 8798) (9, 21307) (10, 51899) 
      };
      \addplot[color=blue, mark=+] coordinates{
(0, 5) (1, 20) (2, 37) (3, 98) (4, 233) (5, 528) (6, 1275) (7, 3137) (8, 7764) (9, 18926) (10, 46273) 
      };
      \addplot[color=blue, mark=+] coordinates{
(0, 5) (1, 23) (2, 45) (3, 103) (4, 284) (5, 624) (6, 1508) (7, 3697) (8, 8994) (9, 21891) (10, 53984) 
      };
      \addplot[color=blue, mark=+] coordinates{
(0, 5) (1, 22) (2, 39) (3, 103) (4, 252) (5, 613) (6, 1511) (7, 3697) (8, 9058) (9, 22139) (10, 53995) 
      };
      \addplot[color=blue, mark=+] coordinates{
(0, 5) (1, 21) (2, 39) (3, 94) (4, 207) (5, 478) (6, 1199) (7, 2926) (8, 7157) (9, 17288) (10, 42304) 
      };
      \addplot[color=blue, mark=+] coordinates{
(0, 5) (1, 22) (2, 47) (3, 129) (4, 285) (5, 741) (6, 1785) (7, 4469) (8, 10998) (9, 26589) (10, 65508) 
      };
      \addplot[color=blue, mark=+] coordinates{
(0, 5) (1, 19) (2, 39) (3, 76) (4, 188) (5, 477) (6, 1224) (7, 2933) (8, 7122) (9, 17330) (10, 41717) 
      };
      \addplot[color=blue, mark=+] coordinates{
(0, 5) (1, 21) (2, 42) (3, 112) (4, 248) (5, 626) (6, 1526) (7, 3733) (8, 8944) (9, 21806) (10, 53416) 
      };
      \addplot[color=blue, mark=+] coordinates{
(0, 5) (1, 17) (2, 25) (3, 62) (4, 155) (5, 389) (6, 965) (7, 2327) (8, 5716) (9, 13931) (10, 33927) 
      };
      \addplot[color=blue, mark=+] coordinates{
(0, 5) (1, 23) (2, 44) (3, 100) (4, 232) (5, 589) (6, 1351) (7, 3310) (8, 8150) (9, 19788) (10, 48546) 
      };
      \addplot[color=blue, mark=+] coordinates{
(0, 5) (1, 14) (2, 16) (3, 60) (4, 138) (5, 319) (6, 749) (7, 1862) (8, 4567) (9, 10932) (10, 26586) 
      };
      \addplot[color=blue, mark=+] coordinates{
(0, 5) (1, 18) (2, 26) (3, 75) (4, 170) (5, 445) (6, 1022) (7, 2572) (8, 6277) (9, 15363) (10, 37193) 
      };
      \addplot[color=blue, mark=+] coordinates{
(0, 5) (1, 17) (2, 37) (3, 70) (4, 202) (5, 480) (6, 1158) (7, 2757) (8, 6671) (9, 16450) (10, 39889) 
      };
      \addplot[color=blue, mark=+] coordinates{
(0, 5) (1, 17) (2, 43) (3, 109) (4, 285) (5, 695) (6, 1637) (7, 3831) (8, 9444) (9, 22814) (10, 55866) 
      };
      \addplot[color=blue, mark=+] coordinates{
(0, 5) (1, 18) (2, 51) (3, 118) (4, 284) (5, 672) (6, 1673) (7, 4075) (8, 9953) (9, 23923) (10, 58176) 
      };
      \addplot[color=blue, mark=+] coordinates{
(0, 5) (1, 19) (2, 31) (3, 77) (4, 171) (5, 454) (6, 1067) (7, 2576) (8, 6192) (9, 14893) (10, 36471) 
      };
      \addplot[color=blue, mark=+] coordinates{
(0, 5) (1, 21) (2, 37) (3, 83) (4, 212) (5, 518) (6, 1314) (7, 3169) (8, 7644) (9, 18793) (10, 45430) 
      };
      \addplot[color=blue, mark=+] coordinates{
(0, 5) (1, 24) (2, 54) (3, 155) (4, 378) (5, 938) (6, 2312) (7, 5547) (8, 13516) (9, 33274) (10, 80320) 
      };
      \addplot[color=blue, mark=+] coordinates{
(0, 5) (1, 22) (2, 40) (3, 114) (4, 275) (5, 636) (6, 1533) (7, 3686) (8, 8966) (9, 21768) (10, 52882) 
      };
      \addplot[color=blue, mark=+] coordinates{
(0, 5) (1, 20) (2, 33) (3, 77) (4, 176) (5, 442) (6, 1074) (7, 2669) (8, 6532) (9, 15848) (10, 38191) 
      };
      \addplot[color=blue, mark=+] coordinates{
(0, 5) (1, 20) (2, 51) (3, 164) (4, 375) (5, 961) (6, 2427) (7, 5822) (8, 14274) (9, 34809) (10, 84264) 
      };
      \addplot[color=blue, mark=+] coordinates{
(0, 5) (1, 20) (2, 47) (3, 104) (4, 249) (5, 647) (6, 1535) (7, 3765) (8, 9263) (9, 22808) (10, 55621) 
      };
      \addplot[color=blue, mark=+] coordinates{
(0, 5) (1, 17) (2, 39) (3, 85) (4, 175) (5, 411) (6, 985) (7, 2406) (8, 5893) (9, 14392) (10, 34892) 
      };
      \addplot[color=blue, mark=+] coordinates{
(0, 5) (1, 25) (2, 50) (3, 145) (4, 347) (5, 833) (6, 2046) (7, 4971) (8, 12376) (9, 30020) (10, 73027) 
      };
      \addplot[color=blue, mark=+] coordinates{
(0, 5) (1, 21) (2, 38) (3, 85) (4, 189) (5, 457) (6, 1071) (7, 2596) (8, 6253) (9, 15484) (10, 37692) 
      };
      \addplot[color=blue, mark=+] coordinates{
(0, 5) (1, 17) (2, 27) (3, 80) (4, 203) (5, 498) (6, 1177) (7, 2889) (8, 7113) (9, 17293) (10, 42278) 
      };
      \addplot[color=blue, mark=+] coordinates{
(0, 5) (1, 11) (2, 16) (3, 49) (4, 101) (5, 276) (6, 642) (7, 1541) (8, 3781) (9, 9234) (10, 22455) 
      };
      \addplot[color=blue, mark=+] coordinates{
(0, 5) (1, 19) (2, 37) (3, 102) (4, 251) (5, 640) (6, 1494) (7, 3681) (8, 8794) (9, 21639) (10, 52753) 
      };
      \addplot[color=blue, mark=+] coordinates{
(0, 5) (1, 24) (2, 47) (3, 94) (4, 250) (5, 597) (6, 1516) (7, 3627) (8, 8807) (9, 21695) (10, 53021) 
      };
      \addplot[color=blue, mark=+] coordinates{
(0, 5) (1, 17) (2, 35) (3, 75) (4, 168) (5, 408) (6, 1021) (7, 2493) (8, 5952) (9, 14572) (10, 35310) 
      };
      \addplot[color=blue, mark=+] coordinates{
(0, 5) (1, 19) (2, 47) (3, 107) (4, 278) (5, 671) (6, 1654) (7, 4016) (8, 9837) (9, 24083) (10, 58761) 
      };
      \addplot[color=blue, mark=+] coordinates{
(0, 5) (1, 21) (2, 42) (3, 101) (4, 234) (5, 596) (6, 1440) (7, 3544) (8, 8534) (9, 20787) (10, 50558) 
      };
      \addplot[color=blue, mark=+] coordinates{
(0, 5) (1, 21) (2, 40) (3, 94) (4, 257) (5, 626) (6, 1491) (7, 3693) (8, 8960) (9, 21664) (10, 52860) 
      };
      \addplot[color=blue, mark=+] coordinates{
(0, 5) (1, 18) (2, 28) (3, 78) (4, 173) (5, 425) (6, 1028) (7, 2526) (8, 6357) (9, 15438) (10, 37576) 
      };
      \addplot[color=blue, mark=+] coordinates{
(0, 5) (1, 22) (2, 50) (3, 121) (4, 265) (5, 674) (6, 1711) (7, 4228) (8, 10212) (9, 24642) (10, 59970) 
      };
      \addplot[color=blue, mark=+] coordinates{
(0, 5) (1, 19) (2, 32) (3, 82) (4, 218) (5, 486) (6, 1160) (7, 2872) (8, 6924) (9, 16990) (10, 41583) 
      };
      \addplot[color=blue, mark=+] coordinates{
(0, 5) (1, 17) (2, 31) (3, 86) (4, 194) (5, 512) (6, 1284) (7, 3102) (8, 7721) (9, 18793) (10, 46027) 
      };
      \addplot[color=blue, mark=+] coordinates{
(0, 5) (1, 21) (2, 41) (3, 106) (4, 260) (5, 668) (6, 1645) (7, 3839) (8, 9147) (9, 22625) (10, 54906) 
      };
      \addplot[color=blue, mark=+] coordinates{
(0, 5) (1, 18) (2, 32) (3, 85) (4, 206) (5, 519) (6, 1207) (7, 3034) (8, 7159) (9, 17483) (10, 42683) 
      };
      \addplot[color=blue, mark=+] coordinates{
(0, 5) (1, 29) (2, 61) (3, 138) (4, 351) (5, 862) (6, 2031) (7, 4806) (8, 11833) (9, 28546) (10, 69502) 
      };
      \addplot[color=blue, mark=+] coordinates{
(0, 5) (1, 21) (2, 40) (3, 96) (4, 243) (5, 613) (6, 1475) (7, 3606) (8, 8689) (9, 21357) (10, 52101) 
      };
      \addplot[color=blue, mark=+] coordinates{
(0, 5) (1, 17) (2, 32) (3, 91) (4, 181) (5, 477) (6, 1150) (7, 2844) (8, 7036) (9, 17449) (10, 42657) 
      };
      \addplot[color=blue, mark=+] coordinates{
(0, 5) (1, 20) (2, 36) (3, 87) (4, 204) (5, 520) (6, 1296) (7, 3138) (8, 7669) (9, 18836) (10, 45824) 
      };
      \addplot[color=blue, mark=+] coordinates{
(0, 5) (1, 19) (2, 41) (3, 98) (4, 230) (5, 565) (6, 1363) (7, 3365) (8, 8147) (9, 19932) (10, 48721) 
      };
      \addplot[color=blue, mark=+] coordinates{
(0, 5) (1, 20) (2, 39) (3, 82) (4, 175) (5, 412) (6, 993) (7, 2336) (8, 5718) (9, 13906) (10, 33715) 
      };
      \addplot[color=blue, mark=+] coordinates{
(0, 5) (1, 19) (2, 26) (3, 52) (4, 113) (5, 299) (6, 712) (7, 1784) (8, 4146) (9, 10180) (10, 24729) 
      };
      \addplot[color=blue, mark=+] coordinates{
(0, 5) (1, 17) (2, 30) (3, 75) (4, 178) (5, 428) (6, 1080) (7, 2629) (8, 6407) (9, 15728) (10, 38240) 
      };
      \addplot[color=blue, mark=+] coordinates{
(0, 5) (1, 19) (2, 45) (3, 114) (4, 268) (5, 670) (6, 1634) (7, 3919) (8, 9610) (9, 23465) (10, 56925) 
      };
      \addplot[color=blue, mark=+] coordinates{
(0, 5) (1, 21) (2, 44) (3, 120) (4, 286) (5, 677) (6, 1749) (7, 4108) (8, 9938) (9, 24265) (10, 59035) 
      };
      \addplot[color=blue, mark=+] coordinates{
(0, 5) (1, 17) (2, 30) (3, 90) (4, 197) (5, 460) (6, 1147) (7, 2775) (8, 6744) (9, 16466) (10, 39994) 
      };
      \addplot[color=blue, mark=+] coordinates{
(0, 5) (1, 22) (2, 44) (3, 126) (4, 292) (5, 682) (6, 1594) (7, 3961) (8, 9638) (9, 23300) (10, 56832) 
      };
      \addplot[color=blue, mark=+] coordinates{
(0, 5) (1, 17) (2, 32) (3, 65) (4, 151) (5, 371) (6, 934) (7, 2299) (8, 5583) (9, 13577) (10, 33233) 
      };
      \addplot[color=blue, mark=+] coordinates{
(0, 5) (1, 16) (2, 21) (3, 61) (4, 126) (5, 321) (6, 784) (7, 1942) (8, 4760) (9, 11628) (10, 28117) 
      };
      \addplot[color=blue, mark=+] coordinates{
(0, 5) (1, 16) (2, 32) (3, 85) (4, 223) (5, 528) (6, 1222) (7, 3006) (8, 7192) (9, 17477) (10, 42736) 
      };
      \addplot[color=blue, mark=+] coordinates{
(0, 5) (1, 22) (2, 39) (3, 90) (4, 193) (5, 495) (6, 1128) (7, 2811) (8, 6888) (9, 16682) (10, 40622) 
      };
      \addplot[color=blue, mark=+] coordinates{
(0, 5) (1, 16) (2, 29) (3, 55) (4, 101) (5, 264) (6, 652) (7, 1560) (8, 3706) (9, 9237) (10, 22439) 
      };
      \addplot[color=blue, mark=+] coordinates{
(0, 5) (1, 19) (2, 30) (3, 96) (4, 215) (5, 492) (6, 1193) (7, 2904) (8, 6938) (9, 16779) (10, 40731) 
      };
      \addplot[color=blue, mark=+] coordinates{
(0, 5) (1, 26) (2, 68) (3, 163) (4, 373) (5, 942) (6, 2257) (7, 5688) (8, 13814) (9, 33708) (10, 82039) 
      };
      \addplot[color=blue, mark=+] coordinates{
(0, 5) (1, 23) (2, 45) (3, 104) (4, 272) (5, 634) (6, 1576) (7, 3891) (8, 9510) (9, 22875) (10, 55807) 
      };
    \end{axis}
  \end{tikzpicture}
  \caption{Évolution de la population de lapin (100 simulations)}
\end{figure}
